549,4
549,3
549,2
549,1
549,0
548,4
548,3
548,2
548,1
548,0
547,4
547,3
547,2
547,1
547,0
546,5
546,4
546,3
546,2
546,1
546,0
545,5
545,4
545,3
545,2
545,1
545,0
544,4
544,3
544,2
544,1
544,0
543,5
543,4
543,3
543,2
543,1
543,0
542,4
542,3
542,2
542,1
542,0
541,4
535,4
541,3
541,2
541,1
541,0
540,3
540,2
540,1
540,0
539,3
539,2
539,1
539,0
538,3
538,2
538,1
538,0
537,3
537,2
537,1
537,0
536,3
536,2
536,1
536,0
535,3
535,2
535,1
535,0
534,3
534,2
534,1
534,0
533,3
533,2
533,1
533,0
532,4
532,3
532,2
532,1
532,0
531,4
531,3
531,2
531,1
531,0
530,4
530,3
530,2
530,1
530,0
529,5
529,4
529,3
529,2
529,1
529,0
528,5
528,4
528,3
528,2
528,1
528,0
527,4
527,3
527,2
527,1
527,0
526,5
526,4
526,3
526,2
526,1
526,0
525,4
525,3
525,2
525,1
525,0
524,4
518,4
524,3
524,2
524,1
524,0
523,3
523,2
523,1
523,0
522,3
522,2
522,1
522,0
521,3
521,2
521,1
521,0
520,3
520,2
520,1
520,0
519,3
519,2
519,1
519,0
518,3
518,2
518,1
518,0
517,3
517,2
517,1
517,0
516,3
516,2
516,1
516,0
515,4
515,3
515,2
515,1
515,0
514,4
514,3
514,2
514,1
514,0
513,4
513,3
513,2
513,1
513,0
512,5
512,4
512,3
512,2
512,1
512,0
511,5
511,4
511,3
511,2
511,1
511,0
510,4
510,3
510,2
510,1
510,0
509,5
509,4
509,3
509,2
509,1
509,0
508,4
508,3
508,2
508,1
508,0
507,4
501,4
507,3
507,2
507,1
507,0
506,3
506,2
506,1
506,0
505,3
505,2
505,1
505,0
504,3
504,2
504,1
504,0
503,3
503,2
503,1
503,0
502,3
502,2
502,1
502,0
501,3
501,2
501,1
501,0
500,3
500,2
500,1
500,0
499,3
499,2
499,1
499,0
498,4
498,3
498,2
498,1
498,0
497,4
497,3
497,2
497,1
497,0
496,4
496,3
496,2
496,1
496,0
495,5
495,4
495,3
495,2
495,1
495,0
494,5
494,4
494,3
494,2
494,1
494,0
493,4
493,3
493,2
493,1
493,0
492,5
492,4
492,3
492,2
492,1
492,0
491,4
491,3
491,2
491,1
491,0
490,4
484,4
490,3
490,2
490,1
490,0
489,3
489,2
489,1
489,0
488,3
488,2
488,1
488,0
487,3
487,2
487,1
487,0
486,3
486,2
486,1
486,0
485,3
485,2
485,1
485,0
484,3
484,2
484,1
484,0
483,3
483,2
483,1
483,0
482,3
482,2
482,1
482,0
481,4
481,3
481,2
481,1
481,0
480,4
480,3
480,2
480,1
480,0
479,4
479,3
479,2
479,1
479,0
478,5
478,4
478,3
478,2
478,1
478,0
477,5
477,4
477,3
477,2
477,1
477,0
476,4
476,3
476,2
476,1
476,0
475,5
475,4
475,3
475,2
475,1
475,0
474,4
474,3
474,2
474,1
474,0
473,4
467,4
473,3
473,2
473,1
473,0
472,3
472,2
472,1
472,0
471,3
471,2
471,1
471,0
470,3
470,2
470,1
470,0
469,3
469,2
469,1
469,0
468,3
468,2
468,1
468,0
467,3
467,2
467,1
467,0
466,3
466,2
466,1
466,0
465,3
465,2
465,1
465,0
464,4
464,3
464,2
464,1
464,0
463,4
463,3
463,2
463,1
463,0
462,4
462,3
462,2
462,1
462,0
461,5
461,4
461,3
461,2
461,1
461,0
460,5
460,4
460,3
460,2
460,1
460,0
459,4
459,3
459,2
459,1
459,0
458,5
458,4
458,3
458,2
458,1
458,0
457,4
457,3
457,2
457,1
457,0
456,4
450,4
456,3
456,2
456,1
456,0
455,3
455,2
455,1
455,0
454,3
454,2
454,1
454,0
453,3
453,2
453,1
453,0
452,3
452,2
452,1
452,0
451,3
451,2
451,1
451,0
450,3
450,2
450,1
450,0
449,3
449,2
449,1
449,0
448,3
448,2
448,1
448,0
447,4
447,3
447,2
447,1
447,0
446,4
446,3
446,2
446,1
446,0
445,4
445,3
445,2
445,1
445,0
444,5
444,4
444,3
444,2
444,1
444,0
443,5
443,4
443,3
443,2
443,1
443,0
442,4
442,3
442,2
442,1
442,0
441,5
441,4
441,3
441,2
441,1
441,0
440,4
440,3
440,2
440,1
440,0
439,4
433,4
439,3
439,2
439,1
439,0
438,3
438,2
438,1
438,0
437,3
437,2
437,1
437,0
436,3
436,2
436,1
436,0
435,3
435,2
435,1
435,0
434,3
434,2
434,1
434,0
433,3
433,2
433,1
433,0
432,3
432,2
432,1
432,0
431,3
431,2
431,1
431,0
430,4
430,3
430,2
430,1
430,0
429,4
429,3
429,2
429,1
429,0
428,4
428,3
428,2
428,1
428,0
427,5
427,4
427,3
427,2
427,1
427,0
426,5
426,4
426,3
426,2
426,1
426,0
425,4
425,3
425,2
425,1
425,0
424,5
424,4
424,3
424,2
424,1
424,0
423,4
423,3
423,2
423,1
423,0
422,4
416,4
422,3
422,2
422,1
422,0
421,3
421,2
421,1
421,0
420,3
420,2
420,1
420,0
419,3
419,2
419,1
419,0
418,3
418,2
418,1
418,0
417,3
417,2
417,1
417,0
416,3
416,2
416,1
416,0
415,3
415,2
415,1
415,0
414,3
414,2
414,1
414,0
413,4
413,3
413,2
413,1
413,0
412,4
412,3
412,2
412,1
412,0
411,4
411,3
411,2
411,1
411,0
410,5
410,4
410,3
410,2
410,1
410,0
409,5
409,4
409,3
409,2
409,1
409,0
408,4
408,3
408,2
408,1
408,0
407,5
407,4
407,3
407,2
407,1
407,0
406,4
406,3
406,2
406,1
406,0
405,4
399,4
405,3
405,2
405,1
405,0
404,3
404,2
404,1
404,0
403,3
403,2
403,1
403,0
402,3
402,2
402,1
402,0
401,3
401,2
401,1
401,0
400,3
400,2
400,1
400,0
399,3
399,2
399,1
399,0
398,3
398,2
398,1
398,0
397,3
397,2
397,1
397,0
396,4
396,3
396,2
396,1
396,0
395,4
395,3
395,2
395,1
395,0
394,4
394,3
394,2
394,1
394,0
393,5
393,4
393,3
393,2
393,1
393,0
392,5
392,4
392,3
392,2
392,1
392,0
391,4
391,3
391,2
391,1
391,0
390,5
390,4
390,3
390,2
390,1
390,0
389,4
389,3
389,2
389,1
389,0
388,4
382,4
388,3
388,2
388,1
388,0
387,3
387,2
387,1
387,0
386,3
386,2
386,1
386,0
385,3
385,2
385,1
385,0
384,3
384,2
384,1
384,0
383,3
383,2
383,1
383,0
382,3
382,2
382,1
382,0
381,3
381,2
381,1
381,0
380,3
380,2
380,1
380,0
379,4
379,3
379,2
379,1
379,0
378,4
378,3
378,2
378,1
378,0
377,4
377,3
377,2
377,1
377,0
376,5
376,4
376,3
376,2
376,1
376,0
374,4
374,3
374,2
374,1
374,0
373,5
373,4
373,3
373,2
373,1
373,0
371,4
371,3
371,2
371,1
371,0
369,3
369,2
369,1
369,0
367,3
367,2
367,1
367,0
4,3
3,6
3,5
3,4
3,3
3,2
2,3
2,2
1,3
1,2
0,243
0,9
0,1
0,300
0,299
0,298
0,297
0,296
0,295
0,294
0,293
0,292
0,291
0,290
0,289
0,288
0,287
0,286
0,285
0,284
0,283
0,282
0,281
0,280
0,279
0,278
0,277
0,276
0,275
0,274
0,273
0,272
0,271
0,270
0,269
0,268
0,267
0,266
0,265
0,264
0,263
0,262
0,261
0,260
0,259
0,258
0,257
0,256
0,255
0,254
0,253
0,252
0,251
0,250
0,249
0,248
0,247
0,246
0,245
0,244
0,242
0,241
0,240
0,239
0,238
0,237
0,236
0,235
0,234
0,233
0,232
0,231
0,230
0,229
0,228
0,227
0,226
0,225
0,224
0,223
0,222
0,221
0,220
0,219
0,218
0,217
0,216
0,215
0,214
0,213
0,212
0,211
0,210
0,209
0,208
0,207
0,206
0,205
0,204
0,203
0,202
0,201
0,200
0,199
0,198
0,197
0,196
0,195
0,194
0,193
0,192
0,63
0,62
0,61
0,60
0,59
0,58
0,57
0,56
0,55
0,54
0,53
0,52
0,51
0,50
0,49
0,48
0,47
0,46
0,45
0,6
0,0
0,5
0,304
0,303
0,306
0,305
0,302
0,12
0,10
0,8
0,11
0,4
0,2
0,3
0,7
